ip_mh_filtChain_unified = zeros(2048,1);
ip_mh_filtChain_unified = [1.7379999999999999e+01 
1.6859530520038451e+01 
1.6525186638919124e+01 
1.6850486055415782e+01 
1.8788488958296028e+01 
1.9107083614626454e+01 
1.8140819767055913e+01 
1.7827162673256709e+01 
1.6154562338476914e+01 
1.5696364058212913e+01 
1.5538304914710256e+01 
1.3898726313609956e+01 
1.3763384006868201e+01 
1.2268709751761969e+01 
1.1845680203951634e+01 
1.0905590843905550e+01 
1.1102276587747221e+01 
1.1407209877956159e+01 
1.1327031590016823e+01 
1.0913145117404417e+01 
1.1951638645884870e+01 
1.1636023878341748e+01 
1.1965980574390608e+01 
1.2412105141557060e+01 
1.1456562308653334e+01 
1.1634545940655524e+01 
1.3317456422600257e+01 
1.4238442644530064e+01 
1.4580935142706913e+01 
1.4331649184854514e+01 
1.6062611704989965e+01 
1.6782310268838057e+01 
1.7981734137135089e+01 
1.8162661563179736e+01 
1.7111246718838974e+01 
1.6561675948432271e+01 
1.6991537681771117e+01 
1.7367330787742080e+01 
1.7378050079816155e+01 
1.6629847561060469e+01 
1.6239218867826118e+01 
1.6371563970092947e+01 
1.4582144726301628e+01 
1.3625912452640531e+01 
1.4890961283488634e+01 
1.3640494528213864e+01 
1.3237184432571945e+01 
1.2786701588632924e+01 
1.2143462054277688e+01 
1.0335853621445516e+01 
1.0355543711179205e+01 
9.9948223916092296e+00 
1.1581475033597179e+01 
1.1601247632364453e+01 
1.2627105248970615e+01 
1.2861005213719899e+01 
1.2948866801734281e+01 
1.2224154734284962e+01 
1.3243074586057775e+01 
1.4649079202069482e+01 
1.3864231674616427e+01 
1.3204158316875265e+01 
1.1909605945895752e+01 
1.1057817494853062e+01 
1.0431628890799610e+01 
1.0765101308938185e+01 
1.3092846298998257e+01 
1.6762856154157088e+01 
1.5698310579706462e+01 
1.6545501425505428e+01 
1.6038621231915808e+01 
1.6952331708867387e+01 
1.7886508436785530e+01 
1.7960847796823977e+01 
1.7313655468464578e+01 
1.7679753806460198e+01 
1.5762722984465359e+01 
1.7362455518200875e+01 
1.5788095099634340e+01 
1.6950417833969968e+01 
1.6452982359714959e+01 
1.6720519111635699e+01 
1.7291566610078512e+01 
1.7394231328192298e+01 
1.8094788138385816e+01 
1.7756521624606997e+01 
1.9103640347349909e+01 
1.8556322786372853e+01 
2.0159409082891841e+01 
1.8044176103239462e+01 
1.9429836253321724e+01 
1.8065914391449315e+01 
1.7218294589130810e+01 
1.8123398533960167e+01 
1.8672540332801869e+01 
2.1450222829798431e+01 
2.2998172994187467e+01 
2.1240289364403250e+01 
2.0996605154398583e+01 
1.9689703969897693e+01 
1.9125026126239874e+01 
1.9272178173924143e+01 
2.1034533216890281e+01 
2.2249382938902038e+01 
2.3044527849269119e+01 
2.2485576798181597e+01 
2.2248122197765401e+01 
2.2097616933374802e+01 
2.1516598686156986e+01 
2.0844643293039042e+01 
2.0656102089849909e+01 
2.0588500557156866e+01 
2.0627250624555678e+01 
1.9524406307507657e+01 
1.9827299165641964e+01 
2.0481458075306172e+01 
2.0352979847617856e+01 
2.1607161603427684e+01 
2.1173323853180076e+01 
2.0822339114302721e+01 
1.8202976976067234e+01 
1.8145267202688618e+01 
1.9270368908548932e+01 
2.1035248941181113e+01 
1.9771839359658205e+01 
2.0097380705892384e+01 
1.8778403714965908e+01 
1.8921757463518357e+01 
1.9110428356696808e+01 
1.9783718003602537e+01 
1.8688149400213803e+01 
1.9022748231413409e+01 
1.7435158068731713e+01 
1.5853176833545801e+01 
1.6459966005409875e+01 
1.7580896439111754e+01 
1.6333246859849439e+01 
1.5275531865385137e+01 
1.5620040143400971e+01 
1.4791378844545649e+01 
1.5029798553906238e+01 
1.2942119034027904e+01 
1.5596455094994434e+01 
1.3629057623952459e+01 
1.2615147530003227e+01 
1.1514845848659498e+01 
1.2550034487027540e+01 
1.2798301678311422e+01 
1.3913929012119921e+01 
1.3930484792494113e+01 
1.5060436663053860e+01 
1.5674184262465610e+01 
1.6045803869373465e+01 
1.5687556648452370e+01 
1.6090955041091341e+01 
1.8510844128966486e+01 
2.0335528170289106e+01 
1.9820881235322130e+01 
1.9761214863396660e+01 
1.8673103903508625e+01 
1.6459906444737001e+01 
1.7739255956041408e+01 
1.8814447694558378e+01 
1.7970486493525815e+01 
1.7108757285797093e+01 
1.7375419795815560e+01 
1.6226096563590747e+01 
1.8379498404785792e+01 
2.0391261469286938e+01 
2.1283024077652666e+01 
2.0584281637991818e+01 
2.2277721796824615e+01 
2.1342997526621271e+01 
2.1627449296820693e+01 
2.1569053306254730e+01 
2.1260846614750815e+01 
2.3087532298703607e+01 
2.2893580156860011e+01 
2.4458780517824128e+01 
2.3589956771156473e+01 
2.4670223428912465e+01 
2.4361608690876572e+01 
2.5924762862655314e+01 
2.4317516076887365e+01 
2.4406245411109829e+01 
2.4108397170183629e+01 
2.3568912136761860e+01 
2.3992744211166880e+01 
2.2471809039879076e+01 
2.3218961412429078e+01 
2.2241432698530382e+01 
2.2638171720683655e+01 
2.3110738204675428e+01 
2.6135733380698735e+01 
2.5422440782099113e+01 
2.5219322925027100e+01 
2.6876183460908905e+01 
2.7412021666218948e+01 
2.6798444425606519e+01 
2.7359151963043338e+01 
2.8338850982383651e+01 
2.8402744721787379e+01 
2.8212689542745522e+01 
2.7999027834766128e+01 
2.7612207750145632e+01 
2.7289184318161912e+01 
2.7442457419685201e+01 
2.8476576238259394e+01 
2.9232432843176760e+01 
2.8684003926518656e+01 
2.8614313609185910e+01 
2.8451796302059417e+01 
2.9463479425113121e+01 
2.8974554507914284e+01 
2.7806276635388290e+01 
2.8450368595745314e+01 
2.9659557756666516e+01 
3.0107437295391044e+01 
3.0151793725796185e+01 
3.0106800209040767e+01 
3.0079482074009483e+01 
2.9793981298031458e+01 
2.9714516316136066e+01 
2.9607634533896320e+01 
2.9428223838098003e+01 
2.9731473294252062e+01 
2.9031050870995532e+01 
2.9154474363980821e+01 
2.9010775342140764e+01 
2.8628872345083167e+01 
2.7815236643169776e+01 
2.8768142115356930e+01 
2.8568655114241185e+01 
2.8961925127699303e+01 
2.8365664956577859e+01 
2.7608649903475662e+01 
2.7666203768066126e+01 
2.6970762591129681e+01 
2.6848862342202100e+01 
2.6508425270511587e+01 
2.5389598153246070e+01 
2.6992521865356810e+01 
2.7153622132787405e+01 
2.7347771132439934e+01 
2.6645951786155674e+01 
2.7334661342866188e+01 
2.8092828443208656e+01 
2.7305358270419649e+01 
2.6992424432768232e+01 
2.7473681777054708e+01 
2.7225712285167695e+01 
2.8044548309680767e+01 
2.7359138494038902e+01 
2.7298142561923608e+01 
2.5618850321613774e+01 
2.7183511422252366e+01 
2.6488183914470042e+01 
2.5813892287259772e+01 
2.7410195409810640e+01 
2.7633686014292191e+01 
2.7705325405378446e+01 
2.6583786195575613e+01 
2.7660057013674944e+01 
2.7076048615040186e+01 
2.6970068726813306e+01 
2.7714611773386942e+01 
2.6087361509934382e+01 
2.5377237853230206e+01 
2.6655046845049704e+01 
2.6434561035459399e+01 
2.6921882342814413e+01 
2.6292047470140989e+01 
2.6113245300799083e+01 
2.8533688183170561e+01 
2.9524422913035302e+01 
3.0192823019625010e+01 
3.0090325361363490e+01 
3.0223206189671991e+01 
2.9386270191024963e+01 
2.9702181729379483e+01 
3.0039839409176043e+01 
2.9873784765026361e+01 
2.9839587308862175e+01 
2.9490038177640212e+01 
2.9449963307525593e+01 
2.9732164918402226e+01 
3.0109956620330816e+01 
2.9720885999225199e+01 
2.9291925605410512e+01 
2.9401285617564223e+01 
3.0189320209197007e+01 
3.0268492074049274e+01 
3.0827099280724003e+01 
3.0462147654637516e+01 
3.0917895903750875e+01 
3.0545727558897642e+01 
3.0447081474432050e+01 
3.0986227059989211e+01 
3.0762673425750712e+01 
3.0643129073391531e+01 
3.0641619587259417e+01 
2.9705101852586321e+01 
3.0021891729412356e+01 
3.0572362446878518e+01 
3.1518783180731852e+01 
3.0527772170013726e+01 
2.9753032279029117e+01 
3.0281400360460630e+01 
3.1015916774097413e+01 
3.1351593996159153e+01 
3.2245122644063315e+01 
3.2016731503566454e+01 
3.1558642719853175e+01 
3.1279467753930930e+01 
3.1915716909700787e+01 
3.1489277485779631e+01 
3.1012672668801223e+01 
3.0229156145477294e+01 
2.8776956092250487e+01 
2.9171929336183258e+01 
2.8639749990558471e+01 
2.9180542069205892e+01 
2.8916759741268784e+01 
2.8333795563456828e+01 
2.8832821100698975e+01 
2.8798019096929128e+01 
2.8771589827135319e+01 
2.9154450692726549e+01 
2.8215365252590352e+01 
2.9678706880977519e+01 
